134 224
157 224
183 224
207 224
233 239
233 270
251 289
280 289
295 307
295 327
295 346
295 359
295 373
295 386
295 400
295 414
295 426
295 440
295 453
295 467

415 280
415 202
415 189
415 175
382 137
350 175
350 189
350 202
350 216
350 229
350 243
350 257
350 270
350 288
350 306
290 320
270 320
207 320
182 320
157 320
148 334

155 412
230 412
263 411
276 387
276 373
276 360
276 346
276 311
276 281
276 266
240 238
247 216
256 202
266 189
276 175
284 161
295 147
304 134
313 121
323 106
333 93
355 60
366 47
376 33

417 279
417 203
417 189
417 175
382 127
350 112
350 98
333 84
287 84
263 84
231 84
189 84

155 402
227 386
227 372
227 270
227 152
188 93
150 93
124 106
114 120
104 134
95 148
85 161
75 175
65 189
55 202